{
  "nbformat": 4,
  "nbformat_minor": 0,
  "metadata": {
    "colab": {
      "provenance": []
    },
    "kernelspec": {
      "name": "python3",
      "display_name": "Python 3"
    },
    "language_info": {
      "name": "python"
    }
  },
  "cells": [
    {
      "cell_type": "markdown",
      "source": [
        "Практична робота №1 з предмету: \"Машине Навчання\".\n",
        "Студента: Коленика Максима Максимовича.\n",
        "Варіант 9"
      ],
      "metadata": {
        "id": "ejV9J9Ks7JxF"
      }
    },
    {
      "cell_type": "code",
      "source": [
        "import numpy as np"
      ],
      "metadata": {
        "id": "wAE8vK2k9-9Y"
      },
      "execution_count": 1,
      "outputs": []
    },
    {
      "cell_type": "markdown",
      "source": [
        "Завдання 1. Створіть одновимірний масив (вектор) з числами Фібоначчі, де кожне число дорівнює сумі двох попередніх, та виведіть його значення."
      ],
      "metadata": {
        "id": "VHma-gjh-Jnq"
      }
    },
    {
      "cell_type": "code",
      "execution_count": null,
      "metadata": {
        "colab": {
          "base_uri": "https://localhost:8080/"
        },
        "id": "ozorGRjOmovE",
        "outputId": "4321fd95-252b-4763-e7a3-a217b35e56b8"
      },
      "outputs": [
        {
          "output_type": "stream",
          "name": "stdout",
          "text": [
            "[ 0  1  1  2  3  5  8 13 21 34]\n"
          ]
        }
      ],
      "source": [
        "n = 10\n",
        "fibonacci = np.zeros(n, dtype=int)\n",
        "fibonacci[0] = 0\n",
        "fibonacci[1] = 1\n",
        "\n",
        "for i in range(2, n):\n",
        "    fibonacci[i] = fibonacci[i - 1] + fibonacci[i - 2]\n",
        "print(fibonacci)"
      ]
    },
    {
      "cell_type": "markdown",
      "source": [
        "Завдання 2. Створіть двовимірний масив (матрицю) розміром 3x3, заповніть його значеннями експонент n^2 для кожного натурального числа n, починаючи з 1, та виведіть його значення."
      ],
      "metadata": {
        "id": "EbR2ueTv-fvQ"
      }
    },
    {
      "cell_type": "code",
      "source": [
        "n = 3\n",
        "matrix = np.zeros((n, n), dtype=float)\n",
        "\n",
        "for i in range(n):\n",
        "    for j in range(n):\n",
        "      matrix[i][j] = np.exp((i * n + j + 1) ** 2)\n",
        "print(matrix)"
      ],
      "metadata": {
        "colab": {
          "base_uri": "https://localhost:8080/"
        },
        "id": "yYWinYnr_EoU",
        "outputId": "f3302547-aeed-4d23-9175-6d1febda6443"
      },
      "execution_count": null,
      "outputs": [
        {
          "output_type": "stream",
          "name": "stdout",
          "text": [
            "[[2.71828183e+00 5.45981500e+01 8.10308393e+03]\n",
            " [8.88611052e+06 7.20048993e+10 4.31123155e+15]\n",
            " [1.90734657e+21 6.23514908e+27 1.50609731e+35]]\n"
          ]
        }
      ]
    },
    {
      "cell_type": "markdown",
      "source": [
        "Завдання 3. Створіть масив розміром 6x6, заповніть його випадковими дійсними числами від -1 до 1 та виведіть його значення."
      ],
      "metadata": {
        "id": "ItDWtEJk_EfH"
      }
    },
    {
      "cell_type": "code",
      "source": [
        "n = 6\n",
        "matrix = np.random.uniform(-1, 1, size=(n, n))\n",
        "print(matrix)"
      ],
      "metadata": {
        "colab": {
          "base_uri": "https://localhost:8080/"
        },
        "id": "klcfHNQT-gFm",
        "outputId": "6fb937cf-92ae-4034-8191-455c1583585f"
      },
      "execution_count": null,
      "outputs": [
        {
          "output_type": "stream",
          "name": "stdout",
          "text": [
            "[[-0.22386315  0.1854952   0.02307972 -0.31620493  0.19417185  0.90206703]\n",
            " [ 0.00694308  0.87107414  0.30018486 -0.12741845  0.57473565  0.89146461]\n",
            " [-0.00936769  0.38410419 -0.25085779  0.79484221 -0.35274415 -0.11550148]\n",
            " [ 0.59215909  0.15481757  0.71415154 -0.24349712 -0.33205207 -0.7856468 ]\n",
            " [ 0.41669218 -0.07150562  0.96749766  0.46375226 -0.33354365 -0.92430851]\n",
            " [-0.8013084   0.69607679  0.83076793 -0.05537821  0.82413246 -0.92734953]]\n"
          ]
        }
      ]
    },
    {
      "cell_type": "markdown",
      "source": [
        "Завдання 4.Створіть масив розміром 3x3, заповніть його випадковими дійсними числами в діапазоні від 0 до 1 та знайдіть середнє геометричне всіх елементів."
      ],
      "metadata": {
        "id": "bAGv7n0w_Mw4"
      }
    },
    {
      "cell_type": "code",
      "source": [
        "array = np.random.rand(3, 3)\n",
        "geometric_mean = np.prod(array) ** (1 / (array.size))\n",
        "print(\"Масив:\")\n",
        "print(array)\n",
        "print(\"Середнє геометричне всіх елементів:\", geometric_mean)"
      ],
      "metadata": {
        "id": "jym73Dwi_M7V",
        "colab": {
          "base_uri": "https://localhost:8080/"
        },
        "outputId": "539ccb42-fce7-4141-9914-78f43ecbda84"
      },
      "execution_count": 3,
      "outputs": [
        {
          "output_type": "stream",
          "name": "stdout",
          "text": [
            "Масив:\n",
            "[[0.01295637 0.07683133 0.8132187 ]\n",
            " [0.6978157  0.87631562 0.90655702]\n",
            " [0.03301897 0.565936   0.94812703]]\n",
            "Середнє геометричне всіх елементів: 0.27125661299553966\n"
          ]
        }
      ]
    },
    {
      "cell_type": "markdown",
      "source": [
        "Завдання 5. Створіть два одновимірних масиви розміром 6, заповніть їх випадковими дійсними числами від -5 до 5 та виконайте на них поелементні операції додавання, віднімання та множення."
      ],
      "metadata": {
        "id": "zHuat2qb_SO5"
      }
    },
    {
      "cell_type": "code",
      "source": [
        "array1 = np.random.uniform(-5, 5, 6)\n",
        "array2 = np.random.uniform(-5, 5, 6)\n",
        "\n",
        "print(\"Масив 1:\")\n",
        "print(array1)\n",
        "print(\"Масив 2:\")\n",
        "print(array2)\n",
        "\n",
        "addition_result = array1 + array2\n",
        "subtraction_result = array1 - array2\n",
        "multiplication_result = array1 * array2\n",
        "\n",
        "print(\"Результат додавання:\")\n",
        "print(addition_result)\n",
        "print(\"Результат віднімання:\")\n",
        "print(subtraction_result)\n",
        "print(\"Результат множення:\")\n",
        "print(multiplication_result)"
      ],
      "metadata": {
        "id": "-BB4n7yC_V0Y",
        "colab": {
          "base_uri": "https://localhost:8080/"
        },
        "outputId": "6ba4149e-4f3e-4e0f-86f6-98773d02221e"
      },
      "execution_count": 5,
      "outputs": [
        {
          "output_type": "stream",
          "name": "stdout",
          "text": [
            "Масив 1:\n",
            "[ 2.81134463  4.98235843 -4.61630687  2.37485137  3.59213852  4.29236019]\n",
            "Масив 2:\n",
            "[-0.37324767 -3.17133018  4.59237364 -4.92306146 -4.14586715 -1.74885747]\n",
            "Результат додавання:\n",
            "[ 2.43809697  1.81102826 -0.02393323 -2.54821008 -0.55372863  2.54350272]\n",
            "Результат віднімання:\n",
            "[ 3.1845923   8.15368861 -9.20868051  7.29791283  7.73800567  6.04121766]\n",
            "Результат множення:\n",
            "[ -1.04932783 -15.80070365 -21.19980599 -11.69153927 -14.89252909\n",
            "  -7.50672618]\n"
          ]
        }
      ]
    },
    {
      "cell_type": "markdown",
      "source": [
        "Завдання 6. Створіть два вектори розміром 8, заповніть їх довільними цілими числами та знайдіть їх скалярний добуток."
      ],
      "metadata": {
        "id": "YQvNE3sK_Wf1"
      }
    },
    {
      "cell_type": "code",
      "source": [
        "vector1 = np.array([1, 2, 3, 4, 5, 6, 7, 8])\n",
        "vector2 = np.array([8, 7, 6, 5, 4, 3, 2, 1])\n",
        "\n",
        "scalar_product = np.dot(vector1, vector2)\n",
        "\n",
        "print(\"Вектор 1:\", vector1)\n",
        "print(\"Вектор 2:\", vector2)\n",
        "print(\"Скалярний добуток векторів:\", scalar_product)"
      ],
      "metadata": {
        "id": "3CgvGZf7_YzE",
        "colab": {
          "base_uri": "https://localhost:8080/"
        },
        "outputId": "e219924c-7776-47e1-c5a5-cd339c3571e1"
      },
      "execution_count": 6,
      "outputs": [
        {
          "output_type": "stream",
          "name": "stdout",
          "text": [
            "Вектор 1: [1 2 3 4 5 6 7 8]\n",
            "Вектор 2: [8 7 6 5 4 3 2 1]\n",
            "Скалярний добуток векторів: 120\n"
          ]
        }
      ]
    },
    {
      "cell_type": "markdown",
      "source": [
        "Завдання 7. Створіть дві матриці розміром 3x2 та 2x4, заповніть їх випадковими цілими числами в діапазоні від 1 до 20 та перемножте їх між собою."
      ],
      "metadata": {
        "id": "fJAj98V__clP"
      }
    },
    {
      "cell_type": "code",
      "source": [
        "matrix1 = np.random.randint(1, 21, (3, 2))\n",
        "matrix2 = np.random.randint(1, 21, (2, 4))\n",
        "\n",
        "print(\"Матриця 1:\")\n",
        "print(matrix1)\n",
        "print(\"Матриця 2:\")\n",
        "print(matrix2)\n",
        "\n",
        "result_matrix = np.dot(matrix1, matrix2)\n",
        "\n",
        "print(\"Результат перемноження матриць:\")\n",
        "print(result_matrix)"
      ],
      "metadata": {
        "id": "vkMlLeIw_c9n",
        "colab": {
          "base_uri": "https://localhost:8080/"
        },
        "outputId": "2c62dd82-8ee5-4f2c-d6bc-2cbf117688cc"
      },
      "execution_count": 7,
      "outputs": [
        {
          "output_type": "stream",
          "name": "stdout",
          "text": [
            "Матриця 1:\n",
            "[[ 3 16]\n",
            " [11 13]\n",
            " [ 1 15]]\n",
            "Матриця 2:\n",
            "[[ 6  2  4 14]\n",
            " [10 13 18  2]]\n",
            "Результат перемноження матриць:\n",
            "[[178 214 300  74]\n",
            " [196 191 278 180]\n",
            " [156 197 274  44]]\n"
          ]
        }
      ]
    },
    {
      "cell_type": "markdown",
      "source": [
        "Завдання 8. Створіть матрицю розміром 2x2, заповніть її випадковими цілими числами в діапазоні від 1 до 15 та знайдіть її обернену матрицю."
      ],
      "metadata": {
        "id": "-t-7Pr0C_fIy"
      }
    },
    {
      "cell_type": "code",
      "source": [
        "matrix = np.random.randint(1, 16, (2, 2))\n",
        "\n",
        "print(\"Початкова матриця:\")\n",
        "print(matrix)\n",
        "\n",
        "try:\n",
        "    inverse_matrix = np.linalg.inv(matrix)\n",
        "    print(\"Обернена матриця:\")\n",
        "    print(inverse_matrix)\n",
        "except np.linalg.LinAlgError:\n",
        "    print(\"Матриця не має оберненої матриці (детермінант дорівнює нулю).\")"
      ],
      "metadata": {
        "id": "39_e5d9G_fVd",
        "colab": {
          "base_uri": "https://localhost:8080/"
        },
        "outputId": "8c899416-39fb-4dab-adbc-919107d8e161"
      },
      "execution_count": 8,
      "outputs": [
        {
          "output_type": "stream",
          "name": "stdout",
          "text": [
            "Початкова матриця:\n",
            "[[10  9]\n",
            " [15 10]]\n",
            "Обернена матриця:\n",
            "[[-0.28571429  0.25714286]\n",
            " [ 0.42857143 -0.28571429]]\n"
          ]
        }
      ]
    },
    {
      "cell_type": "markdown",
      "source": [
        "Завдання 9. Створіть матрицю розміром 3x3, заповніть її випадковими цілими числами в діапазоні від 7 до 15 та транспонуйте її."
      ],
      "metadata": {
        "id": "E8uxJOmw_h1q"
      }
    },
    {
      "cell_type": "code",
      "source": [
        "matrix = np.random.randint(7, 16, (3, 3))\n",
        "\n",
        "print(\"Початкова матриця:\")\n",
        "print(matrix)\n",
        "\n",
        "transposed_matrix = np.transpose(matrix)\n",
        "\n",
        "print(\"Транспонована матриця:\")\n",
        "print(transposed_matrix)"
      ],
      "metadata": {
        "id": "y6gnegAY_hTR",
        "colab": {
          "base_uri": "https://localhost:8080/"
        },
        "outputId": "38153a9f-2170-4bb0-e59e-7ea1aa444349"
      },
      "execution_count": 9,
      "outputs": [
        {
          "output_type": "stream",
          "name": "stdout",
          "text": [
            "Початкова матриця:\n",
            "[[10  8 10]\n",
            " [ 7 10 10]\n",
            " [ 7 12 14]]\n",
            "Транспонована матриця:\n",
            "[[10  7  7]\n",
            " [ 8 10 12]\n",
            " [10 10 14]]\n"
          ]
        }
      ]
    },
    {
      "cell_type": "markdown",
      "source": [
        "Завдання 10. Створіть матрицю розміром 3x4 та вектор розміром 4, заповніть матрицю випадковими дійсними числами від 0 до 1, а вектор - випадковими цілими числами в діапазоні від 1 до 10, і знайдіть елементи отриманого вектору, які менше середнього значення вектору."
      ],
      "metadata": {
        "id": "V-k2JYja_oct"
      }
    },
    {
      "cell_type": "code",
      "source": [
        "matrix = np.random.rand(3, 4)\n",
        "\n",
        "print(\"Початкова матриця:\")\n",
        "print(matrix)\n",
        "\n",
        "vector = np.random.randint(1, 11, 4)\n",
        "\n",
        "print(\"Початковий вектор:\")\n",
        "print(vector)\n",
        "\n",
        "mean_value = np.mean(vector)\n",
        "print(\"Середнє значення вектору:\", mean_value)\n",
        "\n",
        "less_than_mean = vector[vector < mean_value]\n",
        "print(\"Елементи вектору менше середнього значення:\", less_than_mean)"
      ],
      "metadata": {
        "id": "4NrIVCvF_ouD",
        "colab": {
          "base_uri": "https://localhost:8080/"
        },
        "outputId": "4b20097f-dff1-4136-bfe4-97a355f892d0"
      },
      "execution_count": 10,
      "outputs": [
        {
          "output_type": "stream",
          "name": "stdout",
          "text": [
            "Початкова матриця:\n",
            "[[0.22836023 0.74871296 0.67615064 0.86971707]\n",
            " [0.5865229  0.41586602 0.62367953 0.49620681]\n",
            " [0.3197499  0.62061093 0.28978295 0.2706803 ]]\n",
            "Початковий вектор:\n",
            "[2 7 9 9]\n",
            "Середнє значення вектору: 6.75\n",
            "Елементи вектору менше середнього значення: [2]\n"
          ]
        }
      ]
    },
    {
      "cell_type": "markdown",
      "source": [
        "Завдання 11. Створіть матрицю розміром 2x3 та вектор розміром 3, заповніть матрицю випадковими дійсними числами від 0 до 1, а вектор - випадковими цілими числами в діапазоні від 1 до 10, і знайдіть добуток вектора на матрицю."
      ],
      "metadata": {
        "id": "al56bxxt_q0d"
      }
    },
    {
      "cell_type": "code",
      "source": [
        "matrix = np.random.rand(2, 3)\n",
        "\n",
        "print(\"Початкова матриця:\")\n",
        "print(matrix)\n",
        "\n",
        "vector = np.random.randint(1, 11, 3)\n",
        "\n",
        "print(\"Початковий вектор:\")\n",
        "print(vector)\n",
        "\n",
        "product = np.dot( matrix, vector )\n",
        "\n",
        "print(\"Добуток вектора на матрицю:\")\n",
        "print(product)"
      ],
      "metadata": {
        "id": "j3mFXTfI_rJD",
        "colab": {
          "base_uri": "https://localhost:8080/"
        },
        "outputId": "3997ae43-4a5a-4972-abb4-58fe46895ead"
      },
      "execution_count": 12,
      "outputs": [
        {
          "output_type": "stream",
          "name": "stdout",
          "text": [
            "Початкова матриця:\n",
            "[[0.70341772 0.67556685 0.67228571]\n",
            " [0.28413028 0.59026909 0.80233197]]\n",
            "Початковий вектор:\n",
            "[4 3 5]\n",
            "Добуток вектора на матрицю:\n",
            "[8.20179996 6.91898825]\n"
          ]
        }
      ]
    },
    {
      "cell_type": "markdown",
      "source": [
        "Завдання 12. Створіть дві матриці розміром 2x2, заповніть їх випадковими цілими числами в діапазоні від 1 до 10 та знайдіть суму всіх елементів обох матриць."
      ],
      "metadata": {
        "id": "1z1gHtqo_sX3"
      }
    },
    {
      "cell_type": "code",
      "source": [
        "matrix1 = np.random.randint(1, 11, (2, 2))\n",
        "matrix2 = np.random.randint(1, 11, (2, 2))\n",
        "\n",
        "print(\"Матриця 1:\")\n",
        "print(matrix1)\n",
        "print(\"Матриця 2:\")\n",
        "print(matrix2)\n",
        "\n",
        "sum_of_matrices = matrix1 + matrix2\n",
        "\n",
        "print(\"Сума матриць:\")\n",
        "print(sum_of_matrices)\n",
        "\n",
        "total_sum = np.sum(sum_of_matrices)\n",
        "\n",
        "print(\"Загальна сума всіх елементів:\", total_sum)"
      ],
      "metadata": {
        "id": "u8a0sLIY_sma",
        "colab": {
          "base_uri": "https://localhost:8080/"
        },
        "outputId": "03d5f000-e462-47a8-a9fe-88218a695e5a"
      },
      "execution_count": 13,
      "outputs": [
        {
          "output_type": "stream",
          "name": "stdout",
          "text": [
            "Матриця 1:\n",
            "[[3 7]\n",
            " [5 7]]\n",
            "Матриця 2:\n",
            "[[4 5]\n",
            " [5 4]]\n",
            "Сума матриць:\n",
            "[[ 7 12]\n",
            " [10 11]]\n",
            "Загальна сума всіх елементів: 40\n"
          ]
        }
      ]
    },
    {
      "cell_type": "markdown",
      "source": [
        "Завдання 13. Створіть дві матриці розміром 10x10, заповніть їх випадковими дійсними числами в діапазоні від -2 до 2 та знайдіть їх добуток."
      ],
      "metadata": {
        "id": "ZWTu_J2j_uB2"
      }
    },
    {
      "cell_type": "code",
      "source": [
        "matrix1 = np.random.uniform(-2, 2, (10, 10))\n",
        "matrix2 = np.random.uniform(-2, 2, (10, 10))\n",
        "\n",
        "print(\"Матриця 1:\")\n",
        "print(matrix1)\n",
        "print(\"Матриця 2:\")\n",
        "print(matrix2)\n",
        "\n",
        "product_matrix = np.dot(matrix1, matrix2)\n",
        "\n",
        "print(\"Добуток матриць:\")\n",
        "print(product_matrix)"
      ],
      "metadata": {
        "id": "EBMjunVR_uSo",
        "colab": {
          "base_uri": "https://localhost:8080/"
        },
        "outputId": "498d8ef4-8d0f-4309-e480-42fab4f93b4e"
      },
      "execution_count": 15,
      "outputs": [
        {
          "output_type": "stream",
          "name": "stdout",
          "text": [
            "Матриця 1:\n",
            "[[-0.42892744  0.23983227 -1.59931496  0.20972018  1.73432108 -0.00283576\n",
            "  -1.43684907 -1.61297093 -1.74957016 -0.83465134]\n",
            " [ 1.23827637 -1.75315163 -0.80510654 -1.60795469 -0.74797824 -0.01728381\n",
            "   0.95315205 -0.23767561 -0.57117627  1.57075738]\n",
            " [-0.67074631 -1.19644796 -0.42614825 -0.44428724  1.05816813  1.05833559\n",
            "   1.7064833  -1.5873524   1.94130802 -0.86642278]\n",
            " [ 1.68959122 -1.78513708 -1.13582747  1.73729722  0.56090176  1.54824712\n",
            "   0.74633786  0.07217035 -1.13248595  0.75578835]\n",
            " [-0.16855315 -1.51050754  1.37477775 -0.44526655  0.51278755 -1.33516437\n",
            "  -0.73462609  1.73999203 -0.29903548 -1.11239846]\n",
            " [-1.31793256 -1.56219527  1.51578905 -0.42738049 -0.03741987  1.19520622\n",
            "  -1.47069513  1.02891435  0.28599899  0.71751352]\n",
            " [ 1.63458368  1.10341683  0.81760201 -0.68374706  0.93323532  0.12838234\n",
            "  -0.88984912  1.60825237 -0.8881362  -1.33858095]\n",
            " [-0.1335806  -1.57376523 -0.55428765  0.24317918  1.23966943  1.24354983\n",
            "   1.0682496   1.340565   -0.83711906 -0.87534547]\n",
            " [-0.86144777 -1.94235377 -1.72862186  0.32882663  1.56583184  1.27360031\n",
            "  -0.65373716  0.11327484  1.16643196 -0.32235437]\n",
            " [-1.34701027  0.6375006  -1.83278267  0.44811096  1.46437688 -1.09390451\n",
            "   0.3507231   1.22861067  0.57109059 -0.05385501]]\n",
            "Матриця 2:\n",
            "[[ 1.41629025 -0.82975332  0.95572167 -0.67999976  0.96147285 -0.35829296\n",
            "   1.71385458  0.9351004  -1.10935574  0.19331447]\n",
            " [-0.49979459  1.37956742  0.66109676 -0.74393231 -0.21387939  1.9973999\n",
            "  -1.32684119 -1.71906612 -1.02343903 -1.24083049]\n",
            " [ 0.79158263  1.27783262 -0.69079319  1.19142051  1.43585287 -1.11483138\n",
            "   0.58986013  0.79528561  0.69489727  1.92917193]\n",
            " [ 1.72068574  0.94224847 -0.34525707 -0.27631888  0.32029801 -1.34350819\n",
            "   0.46553006 -0.65387856 -0.639456   -1.08776274]\n",
            " [-1.20733464  1.62638059  1.32267389 -0.04992786  0.61946624  0.08063021\n",
            "  -0.45935595 -1.49913643  0.86768135 -0.08302958]\n",
            " [-1.90141908 -0.1492465   0.92205767  1.46922294 -1.25362644 -1.54195083\n",
            "  -1.23484428  1.77542108 -1.57526707  0.60692854]\n",
            " [-0.24539063 -1.31433375  1.22088116  1.8037296   0.1463871  -0.82055117\n",
            "   1.04379288 -1.14746781  0.4688127   0.58575253]\n",
            " [-1.26831173 -1.53257754 -1.58843581  0.51191946  1.97057643 -0.0857881\n",
            "   0.51729458 -1.82027673  1.02337773  0.33338683]\n",
            " [ 1.99886317  1.3915032   1.48339637 -0.34695847 -1.50559706 -1.3348055\n",
            "  -0.62207638  1.05745282  0.06834434 -1.84532116]\n",
            " [-1.36427608  0.00362651 -1.70100093 -0.22299239 -1.64856691  0.52937292\n",
            "   1.77434951  0.31214991 -1.44225087 -0.29883139]]\n",
            "Добуток матриць:\n",
            "[[ -3.68111123   3.58475273   2.70464761  -4.56516135  -0.99368935\n",
            "    5.48901559  -5.41899953  -2.35327275  -0.7458701   -1.74115186]\n",
            " [ -3.05529255  -8.88145764  -1.84742616   1.4047028   -2.60555306\n",
            "   -0.08900576   7.60419187   4.89869304  -1.83332042   3.72592463]\n",
            " [  1.91324559   2.39387575  10.34955271   4.24841598  -6.18712119\n",
            "   -6.93806583  -3.59810997   4.38748509   1.76538862  -1.28248307]\n",
            " [ -1.81513529  -5.66258399   0.61993123   2.20004654   0.04897926\n",
            "   -6.2877709    6.09547507   2.56793987  -4.64349121   1.67898213]\n",
            " [  1.65121619  -1.69482079  -4.7206392    0.92952716   9.58915743\n",
            "   -1.52721008   2.07766793  -2.30343624   8.54131944   5.15931859]\n",
            " [ -4.20002615   0.99005581  -6.36547445   3.35504462  -0.21620125\n",
            "   -4.49315795  -0.85716191   5.45721837   1.82043821   4.54064963]\n",
            " [ -1.90706055  -0.47084071   0.6341526   -0.80242786   9.29056465\n",
            "    2.57180233  -1.00537341  -3.70553752   1.76882288   3.32216294]\n",
            " [ -5.72563061  -5.33543367   1.33915333   5.39791844   4.20065585\n",
            "   -4.95944243   0.31649545  -2.49437467   3.41284952   4.12392289]\n",
            " [ -2.57588147   0.80023742   3.51916106   0.21941326  -4.51342816\n",
            "   -5.12413995  -3.97908867   2.53428958   1.23850794  -3.20719447]\n",
            " [ -3.02346012   1.07286999   0.58907617  -2.47060592   0.06030427\n",
            "    3.81800012  -2.79797024 -10.29529755   3.81399141  -6.28283891]]\n"
          ]
        }
      ]
    },
    {
      "cell_type": "markdown",
      "source": [
        "Завдання 14. Створіть матрицю розміром 7x7, заповніть її випадковими дійсними числами в діапазоні від -1 до 1 та знайдіть середнє арифметичне значення елементів матриці."
      ],
      "metadata": {
        "id": "y_jsGlQN_wF-"
      }
    },
    {
      "cell_type": "code",
      "source": [
        "matrix = np.random.uniform(-1, 1, (7, 7))\n",
        "\n",
        "print(\"Початкова матриця:\")\n",
        "print(matrix)\n",
        "\n",
        "mean_value = np.mean(matrix)\n",
        "\n",
        "print(\"Середнє арифметичне значення елементів матриці:\", mean_value)"
      ],
      "metadata": {
        "id": "ys7hNWtz_wST",
        "colab": {
          "base_uri": "https://localhost:8080/"
        },
        "outputId": "6d61ccbf-9c45-4cab-9c8d-1f4bf965a3d2"
      },
      "execution_count": 16,
      "outputs": [
        {
          "output_type": "stream",
          "name": "stdout",
          "text": [
            "Початкова матриця:\n",
            "[[ 0.27281393 -0.20207277 -0.39262917  0.04528016  0.96505771  0.13361381\n",
            "   0.35823307]\n",
            " [ 0.68953537  0.08517552  0.88495618  0.52705597 -0.64390526  0.97906473\n",
            "   0.31673626]\n",
            " [ 0.93378699  0.81510217  0.86914639 -0.42039344  0.56097718 -0.87946911\n",
            "  -0.56302536]\n",
            " [-0.22349277  0.09665049 -0.09826462  0.68034049 -0.09723682 -0.81938657\n",
            "  -0.55386254]\n",
            " [-0.71970898  0.72661212  0.28548439  0.36498726  0.30596413 -0.35446709\n",
            "   0.76296874]\n",
            " [-0.9477647  -0.42303789 -0.59071655 -0.57030222 -0.48478135 -0.83954465\n",
            "  -0.83138299]\n",
            " [ 0.25455089  0.93932317 -0.0765122  -0.10700093  0.0332449  -0.73493127\n",
            "  -0.44637793]]\n",
            "Середнє арифметичне значення елементів матриці: 0.01768152702963664\n"
          ]
        }
      ]
    },
    {
      "cell_type": "markdown",
      "source": [
        "Завдання 15. Створіть матрицю розміром 3x3, заповніть її випадковими дійсними числами в діапазоні від 0 до 1 та знайдіть вектор-стовпчик, що містить суму квадратів елементів кожного рядка матриці."
      ],
      "metadata": {
        "id": "mX8WPpgb_xlC"
      }
    },
    {
      "cell_type": "code",
      "source": [
        "matrix = np.random.rand(3, 3)\n",
        "\n",
        "print(\"Початкова матриця:\")\n",
        "print(matrix)\n",
        "\n",
        "row_sums = np.sum(matrix**2, axis=1)\n",
        "\n",
        "print(\"Сума квадратів елементів кожного рядка:\")\n",
        "print(row_sums)\n",
        "\n",
        "column_vector = row_sums.reshape(-1, 1)\n",
        "\n",
        "print(\"Вектор-стовпчик із сумами квадратів елементів кожного рядка:\")\n",
        "print(column_vector)"
      ],
      "metadata": {
        "id": "YzlAK_t5_x1A",
        "colab": {
          "base_uri": "https://localhost:8080/"
        },
        "outputId": "56ad6e77-e838-46f9-865e-6bcc05c78786"
      },
      "execution_count": 17,
      "outputs": [
        {
          "output_type": "stream",
          "name": "stdout",
          "text": [
            "Початкова матриця:\n",
            "[[0.41394989 0.15686764 0.46560764]\n",
            " [0.07093143 0.02952585 0.99484941]\n",
            " [0.06544937 0.58608647 0.66040051]]\n",
            "Сума квадратів елементів кожного рядка:\n",
            "[0.41275244 0.99562839 0.7839098 ]\n",
            "Вектор-стовпчик із сумами квадратів елементів кожного рядка:\n",
            "[[0.41275244]\n",
            " [0.99562839]\n",
            " [0.7839098 ]]\n"
          ]
        }
      ]
    }
  ]
}